475
14
2
4100
1
6



//VolumeLevel 0
0
1
0
1
5
1
5304
0
0
0
0
375
0
0
26
4096
4096
32767
256
2048
512
0
0
0
32767
4096
5
-72
-55
-45
-3
0
-72
-55
-45
-3
0
50
400
0
0
-90
0
100
0
0
16384
512
512
25520
32685
23197
9216
5
-72
-55
-45
-2
0
-72
-55
-45
-2
0
50
1000



//VolumeLevel 1
1
1
0
1
5
1
5304
0
0
0
0
375
0
0
26
4096
4096
32767
256
2048
512
0
0
0
32767
4096
5
-72
-55
-45
-3
0
-72
-55
-45
-3
0
50
400
0
0
-90
0
100
0
0
16384
512
512
25520
32685
23197
9216
5
-72
-55
-45
-2
0
-72
-55
-45
-2
0
50
1000



//VolumeLevel 2
2
1
0
1
5
1
5304
0
0
0
0
375
0
0
26
4096
4096
32767
256
2048
512
0
0
0
32767
4096
5
-72
-55
-45
-3
0
-72
-55
-45
-3
0
50
400
0
0
-90
0
100
0
0
16384
512
512
25520
32685
23197
9216
5
-72
-55
-45
-2
0
-72
-55
-45
-2
0
50
1000



//VolumeLevel 3
3
1
0
1
5
1
5304
0
0
0
0
375
0
0
26
4096
4096
32767
256
2048
512
0
0
0
32767
4096
5
-72
-55
-45
-3
0
-72
-55
-45
-3
0
50
400
0
0
-90
0
100
0
0
16384
512
512
25520
32685
23197
9216
5
-72
-55
-45
-2
0
-72
-55
-45
-2
0
50
1000



//VolumeLevel 4
4
1
0
1
5
1
5304
0
0
0
0
375
0
0
26
4096
4096
32767
256
2048
512
0
0
0
32767
4096
5
-72
-55
-45
-3
0
-72
-55
-45
-3
0
50
400
0
0
-90
0
100
0
0
16384
512
512
25520
32685
23197
9216
5
-72
-55
-45
-2
0
-72
-55
-45
-2
0
50
1000



//VolumeLevel 5
5
1
0
1
5
1
5304
0
0
0
0
375
0
0
26
4096
4096
32767
256
2048
512
0
0
0
32767
4096
5
-72
-55
-45
-3
0
-72
-55
-45
-3
0
50
400
0
0
-90
0
100
0
0
16384
512
512
25520
32685
23197
9216
5
-72
-55
-45
-2
0
-72
-55
-45
-2
0
50
1000



0
0
0
0
10
800
120



0
32
-8
6
-1
-3
2
5
-14
18
-9
-7
18
-2
-54
148
-256
342
3720
342
-255
148
-55
-2
18
-7
-10
18
-14
5
3
-3
-1
0
0
0
0
0
0
0
0
0
0
0
0
0
0
0
0
0
0
0
0
0
0
0
0
0
0
0
0
0
0
0
0
0
