475
14
2
4128
1
6



//VolumeLevel 0
0
1
0
1
0
1
5304
0
0
0
1
200
0
0
26
4096
4096
32767
256
4096
2024
0
0
0
32767
4096
5
-78
-54
-24
-6
0
-78
-54
-24
-6
0
50
400
-6
0
-90
0
100
0
0
16384
512
512
25520
32685
23197
9216
5
-78
-54
-24
-2
0
-78
-54
-24
-2
0
50
1000



//VolumeLevel 1
1
1
0
1
0
1
5304
0
0
0
0
250
0
0
26
4096
4096
32767
256
4096
2024
0
0
0
32767
4096
5
-78
-54
-24
-6
0
-78
-54
-24
-6
0
50
400
-6
0
-90
0
100
0
0
16384
512
512
25520
32685
23197
9216
5
-78
-54
-24
-2
0
-78
-54
-24
-2
0
50
1000



//VolumeLevel 2
2
1
0
1
0
1
5304
0
0
0
0
250
0
0
26
4096
4096
32767
256
4096
2024
0
0
0
32767
4096
5
-78
-54
-24
-6
0
-78
-54
-24
-6
0
50
400
-6
0
-90
0
100
0
0
16384
512
512
25520
32685
23197
9216
5
-78
-54
-24
-2
0
-78
-54
-24
-2
0
50
1000



//VolumeLevel 3
3
1
0
1
0
1
5304
0
0
0
0
250
0
0
26
4096
4096
32767
256
4096
2024
0
0
0
32767
4096
5
-78
-54
-24
-6
0
-78
-54
-24
-6
0
50
400
-6
0
-90
0
100
0
0
16384
512
512
25520
32685
23197
9216
5
-78
-54
-24
-2
0
-78
-54
-24
-2
0
50
1000



//VolumeLevel 4
4
1
0
1
0
1
5304
0
0
0
0
250
0
0
26
4096
4096
32767
256
4096
2024
0
0
0
32767
4096
5
-78
-54
-24
-6
0
-78
-54
-24
-6
0
50
400
-6
0
-90
0
100
0
0
16384
512
512
25520
32685
23197
9216
5
-78
-54
-24
-2
0
-78
-54
-24
-2
0
50
1000



//VolumeLevel 5
5
1
0
1
0
1
5304
0
0
0
0
250
0
0
26
4096
4096
32767
256
4096
2024
0
0
0
32767
4096
5
-78
-54
-24
-6
0
-78
-54
-24
-6
0
50
400
-6
0
-90
0
100
0
0
16384
512
512
25520
32685
23197
9216
5
-78
-54
-24
-2
0
-78
-54
-24
-2
0
50
1000



0
0
0
0
10
800
120



0
32
4096
0
0
0
0
0
0
0
0
0
0
0
0
0
0
0
0
0
0
0
0
0
0
0
0
0
0
0
0
0
0
0
0
0
0
0
0
0
0
0
0
0
0
0
0
0
0
0
0
0
0
0
0
0
0
0
0
0
0
0
0
0
0
0
