475
14
2
4104
1
6



//VolumeLevel 0
0
1
0
1
2
1
10362
0
0
0
0
375
0
0
26
4096
4096
32767
256
2048
512
0
0
0
32767
4096
5
-92
-80
-70
-10
0
-92
-80
-70
-10
0
50
400
0
0
-90
0
100
0
0
16384
512
512
25520
32685
23197
9216
5
-92
-80
-70
-2
0
-92
-80
-70
-2
0
50
1000



//VolumeLevel 1
1
1
0
1
2
1
10362
0
0
0
0
375
0
0
26
4096
4096
32767
256
2048
512
0
0
0
32767
4096
5
-92
-80
-70
-10
0
-92
-80
-70
-10
0
50
400
0
0
-90
0
100
0
0
16384
512
512
25520
32685
23197
9216
5
-92
-80
-70
-2
0
-92
-80
-70
-2
0
50
1000



//VolumeLevel 2
2
1
0
1
2
1
10362
0
0
0
0
375
0
0
26
4096
4096
32767
256
2048
512
0
0
0
32767
4096
5
-92
-80
-70
-10
0
-92
-80
-70
-10
0
50
400
0
0
-90
0
100
0
0
16384
512
512
25520
32685
23197
9216
5
-92
-80
-70
-2
0
-92
-80
-70
-2
0
50
1000



//VolumeLevel 3
3
1
0
1
2
1
10362
0
0
0
0
375
0
0
26
4096
4096
32767
256
2048
512
0
0
0
32767
4096
5
-92
-80
-70
-10
0
-92
-80
-70
-10
0
50
400
0
0
-90
0
100
0
0
16384
512
512
25520
32685
23197
9216
5
-92
-80
-70
-2
0
-92
-80
-70
-2
0
50
1000



//VolumeLevel 4
4
1
0
1
2
1
10362
0
0
0
0
375
0
0
26
4096
4096
32767
256
2048
512
0
0
0
32767
4096
5
-92
-80
-70
-10
0
-92
-80
-70
-10
0
50
400
0
0
-90
0
100
0
0
16384
512
512
25520
32685
23197
9216
5
-92
-80
-70
-2
0
-92
-80
-70
-2
0
50
1000



//VolumeLevel 5
5
1
0
1
2
1
10362
0
0
0
0
375
0
0
26
4096
4096
32767
256
2048
512
0
0
0
32767
4096
5
-92
-80
-70
-10
0
-92
-80
-70
-10
0
50
400
0
0
-90
0
100
0
0
16384
512
512
25520
32685
23197
9216
5
-92
-80
-70
-2
0
-92
-80
-70
-2
0
50
1000



0
0
0
0
10
800
120



0
64
1181
1323
1430
728
155
-462
-391
-313
30
78
152
-1
-26
-88
-15
11
75
45
47
-4
-8
-26
-1
-8
6
-1
14
11
22
9
11
1
8
4
10
4
6
0
3
1
6
5
7
3
1
-1
-1
-1
0
0
0
0
0
0
0
0
0
0
0
0
0
0
0
0
