223
14
3
1
1
LVVE_TX_MODE_ON
LVM_MODE_OFF
LVM_MODE_ON
36
4096
LVM_MODE_ON
0
LVM_MODE_ON
250
LVM_MODE_ON//LVM_MODE_OFF
7000
LVM_MODE_ON
63
0
8192
2048
0
128
8192
4096
96
8192
1024
1
767
3000
2000
420
256
128
64
3000
2000
430
256
128
64
3000
280
8230 // 16384
16384
512
768
150
16384
16384
1
6000
32
64
64
16728
1024
LVM_MODE_OFF
2549
14
0
8192
8192
2048
40
2048
1568
40
2048
1568
1
776
32
1024
800
32
1024
800
1
776
1
32767
8192
23062
-11398
-2622
4704
8698
8807
4494
835
481
209
6655
7358
-1669
4806
-598
-880
16
655
1024
16
1638
181
10
16384
10000
16000
5000
128
9830
16384
6554
6554
9830
512
12288
10240
400
230
26213
0
11470
9830
0
20
410
5570
LVM_MODE_OFF
0
16384
512
512
12055
32442
23170
4096
LVM_MODE_OFF
0
LVM_MODE_OFF
5
-80
-70
-50
-24
0
-96
-86
-50
-24
0
1000
50
LVM_MODE_OFF
0
LVM_MODE_OFF
64
3419
1612
-86
-1062
-1091
-293
-163
-274
-26
208
224
191
161
85
16
-31
-76
-106
-87
-41
-2
6
8
14
21
10
-5
-11
-6
-7
-14
-20
-12
0
8
7
4
2
4
5
4
0
-4
-8
-9
-9
-8
-7
-6
-6
-6
-5
-4
-3
-1
0
0
0
0
0
0
0
0
0
