223
14
3
4098
1
1
0
0
20
8192
1
11
1
100
0
7000
1
63
0
4096
4096
0
128
8192
768
96
8192
512
2
776
8000
6000
768
256
256
512
8000
6000
768
256
256
512
8000
280
8230
16384
512
768
150
16384
16384
1
26000
32
64
64
16612
4096
0
2549
14
0
8192
8192
2048
40
2048
1568
40
2048
1568
1
776
32
1024
800
32
1024
800
1
776
1
32767
8192
23062
-11398
-2622
4704
8698
8807
4494
835
481
209
6655
7358
-1669
4806
-598
-880
16
655
1024
16
1638
181
10
16384
10000
16000
5000
128
9830
16384
6554
6554
9830
512
12288
10240
400
230
26213
0
11470
9830
0
20
410
5570
0
0
16384
256
4096
12055
32442
23170
4096
0
0
1
5
-72
-65
-45
-5
0
-80
-65
-45
-5
0
50
400
0
0
1
64
3419
1612
-86
-1062
-1091
-293
-163
-274
-26
208
224
191
161
85
16
-31
-76
-106
-87
-41
-2
6
8
14
21
10
-5
-11
-6
-7
-14
-20
-12
0
8
7
4
2
4
5
4
0
-4
-8
-9
-9
-8
-7
-6
-6
-6
-5
-4
-3
-1
0
0
0
0
0
0
0
0
0
