223
14
3
2
1
LVVE_TX_MODE_ON
LVM_MODE_OFF
LVM_MODE_ON
20	//400
8192
LVM_MODE_ON
14//12//17//12//15//18  // 6 // 12 // 4
LVM_MODE_ON
300//300
LVM_MODE_ON
7000
LVM_MODE_ON
191
0
4096//8192
4096//2048
0
128
8192
4096
96
8192
2048
1
767
6000
5000
768
384
448
448
7000
6000
768
384
448
448
6000
280
5120//5700//8230
16384//8192//16384
512
768
150
16384
16384
32
8000
32
64
64
16728
1024
LVM_MODE_OFF
2549
14
0
8192
8192
2048
40
2048
1568
40
2048
1568
1
776
32
1024
800
32
1024
800
1
776
1
32767
8192
23062
-11398
-2622
4704
8698
8807
4494
835
481
209
6655
7358
-1669
4806
-598
-880
16
655
1024
16
1638
181
10
16384
10000
16000
5000
128
9830
16384
6554
6554
9830
512
12288
10240
400
230
26213
0
11470
9830
0
20
410
5570
LVM_MODE_OFF
0
16384
512
512
12055
32442
23170
4096
LVM_MODE_OFF
0
LVM_MODE_ON
5
-80
-74
-68
-24
0
-96
-90
-68
-24//-12//-24
-3//-6//0
50//1000
1000
LVM_MODE_ON
-3//-2
LVM_MODE_OFF//LVM_MODE_ON
64
1656
913
903
234
240
-134
-45
-214
-54
-109
31
2
76
37
47
24
42
24
60
47
60
49
63
39
39
23
32
18
20
7
14
5
6
-6
-6
-12
-7
-9
-6
-10
-8
-11
-8
-8
-5
-5
-3
-4
-2
-2
-1
-1
0
0
0
0
0
0
0
0
0
0
0
0