223
14
3
4100
1
1
0
0
20
8192
1
19
1
250
0
7000
1
63
0
8192
2048
0
128
8192
1024
96
6554
768
1
776
5000
3000
512
128
128
128
5000
3000
512
128
128
128
5000
280
3276
8192
512
768
150
16384
16384
1
26000
32
64
64
16612
4096
0
2549
14
0
8192
8192
2048
40
2048
1568
40
2048
1568
1
776
32
1024
800
32
1024
800
1
776
1
32767
8192
23062
-11398
-2622
4704
8698
8807
4494
835
481
209
6655
7358
-1669
4806
-598
-880
16
655
1024
16
1638
181
10
16384
10000
16000
5000
128
9830
16384
6554
6554
9830
512
12288
10240
400
230
26213
0
11470
9830
0
20
410
5570
0
0
16384
256
4096
12055
32442
23170
4096
0
0
0
5
-72
-60
-45
-13
0
-80
-60
-45
-13
-9
50
400
0
0
0
64
3646
1885
-620
-2545
-2561
-692
579
788
550
107
-244
-236
-5
158
183
110
6
-66
-62
-4
63
95
99
87
66
30
-3
-17
-13
-13
-23
-31
-20
-1
10
4
-7
-12
-5
7
16
14
5
-1
-3
0
5
7
7
3
1
0
0
0
1
1
0
0
0
0
0
0
0
0
