223
14
3
4
1
LVVE_TX_MODE_ON
LVM_MODE_OFF
LVM_MODE_ON
20
8192
LVM_MODE_ON
15//12//6
LVM_MODE_ON
400//250
LVM_MODE_ON
7000
LVM_MODE_ON
63
0
8192
2048
0
96
8192
1024
64
8192
512
1
776
3000
2000
384
256
200
128
3000
2000
512
300
200
128
3000
280
5700//8230
16384
512
768
150
16384
16384
1
6000
32
64
64
16728
1024
LVM_MODE_OFF
2549
14
0
8192
8192
2048
40
2048
1568
40
2048
1568
1
776
32
1024
800
32
1024
800
1
776
1
32767
8192
23062
-11398
-2622
4704
8698
8807
4494
835
481
209
6655
7358
-1669
4806
-598
-880
16
655
1024
16
1638
181
10
16384
10000
16000
5000
128
9830
16384
6554
6554
9830
512
12288
10240
400
230
26213
0
11470
9830
0
20
410
5570
LVM_MODE_OFF
0
16384
512
512
12055
32442
23170
4096
LVM_MODE_OFF
0
LVM_MODE_ON
5
-80
-75
-50
-24
0
-96
-96
-50
-24
0
1000
50
LVM_MODE_ON
-3
LVM_MODE_OFF
64
3289
898
57
-295
201
-64
5
-16
44
-50
32
-8
-5
7
-1
-5
8
-8
6
-5
4
-5
5
-5
4
-4
3
-3
3
-2
2
-2
2
-2
1
-1
1
-1
1
-1
0
0
0
0
0
0
0
0
0
0
0
0
0
0
0
0
0
0
0
0
0
0
0
0