223
14
3
8
1
LVVE_TX_MODE_ON
LVM_MODE_OFF
LVM_MODE_ON
30//400
8192
LVM_MODE_ON
6//15
LVM_MODE_ON
250
LVM_MODE_ON
7000
LVM_MODE_ON
63
0
8192
2048
0
128
8192
2048
96
8192
512
2
767
8000
4000
768
128
256
192
9000
8000
768
128
384
384
1000
280
8230
16384
512
768
150
16384
16384
1
8000
32
64
64
16384
1024
LVM_MODE_OFF
2549
14
0
8192
8192
2048
40
2048
1568
40
2048
1568
1
776
32
1024
800
32
1024
800
1
776
1
32767
8192
23062
-11398
-2622
4704
8698
8807
4494
835
481
209
6655
7358
-1669
4806
-598
-880
16
655
1024
16
1638
181
10
16384
10000
16000
5000
128
9830
16384
6554
6554
9830
512
12288
10240
400
230
26213
0
11470
9830
0
20
410
5570
LVM_MODE_OFF
0
16384
512
512
12055
32442
23170
4096
LVM_MODE_OFF
0
LVM_MODE_ON
5
-80
-74
-68
-24
0
-96
-90
-68
-24
0
50//1000
400
LVM_MODE_ON
-2
LVM_MODE_ON
64
2793
1545
-77
-337
73
152
-59
-24
44
0
15
-46
-24
9
38
10
4
-30
-14
-3
26
6
-1
-14
3
-3
2
-3
7
0
1
-6
0
-1
4
-1
1
-2
0
-1
1
0
1
0
0
0
0
0
0
0
0
0
0
0
0
0
0
0
0
0
0
0
0
0