223
14
3
32
1
LVVE_TX_MODE_ON
LVM_MODE_OFF
LVM_MODE_OFF
200
8192
LVM_MODE_ON
8//5
LVM_MODE_ON
300
LVM_MODE_OFF
7000
LVM_MODE_ON
31//63
0
8192
2048
0
200
8192
1024
128
8192
800
2
776
14000
10000
550
256
300
512
14000
8000
550
256
300
512
23000
512
5700//10158
28000
512
768
150
12288
16384
1
20480
32
64
64
16800
400
LVM_MODE_OFF
2551
14
0
8192
8192
2048
32
8192
1000
24
8192
1000
1
776
32
8192
1000
24
8192
1000
1
776
1
32767
6554
32767
0
0
0
0
0
0
0
0
0
0
0
0
0
0
0
16
655
1024
16
1638
256
10
16384
8192
12000
7000
256
11140
16384
11140
6554
9830
256
12288
9216
320
230
26213
0
11470
9830
0
20
410
5570
LVM_MODE_OFF
0
16384
512
512
25520
32685
23197
9216
LVM_MODE_OFF
0
LVM_MODE_ON
5
-80
-70
-50
-24
0
-96
-86
-50
-24
0
50
1000
LVM_MODE_ON
-2
LVM_MODE_ON
64
4670
671
-281
-870
-706
-71
406
407
126
-85
-108
-47
-20
-37
-44
-2
62
87
40
-38
-76
-47
11
42
31
1
-15
-12
0
4
0
-4
-3
3
6
3
-2
-5
-3
0
3
2
0
-1
-1
0
0
0
0
0
0
0
0
0
0
0
0
0
0
0
0
0
0
0
